wall 200 -10000 400 50 255 255 255
wall 0 -10100 50 10000 255 255 255
wall 800 -10100 50 10000 255 255 255
character 300 -10100 64 64 4 4 0 0 255
killbox 50 -9500 200 50 255 0 0
killbox 200 -9000 200 50 255 0 0
killbox 500 -8600 300 50 255 0 0
killbox 200 -8000 300 50 255 0 0
killbox 150 -7000 500 1000 255 0 0
killbox 50 -5000 300 1000 255 0 0
killbox 550 -5000 250 1000 255 0 0
killbox 200 -3000 400 50 255 0 0
killbox 50 -2200 200 50 255 0 0
killbox 550 -2200 200 50 255 0 0
endbox 50 -1000 750 50 0 255 255
